每幅图像的标定误差：
第1幅图像的平均误差：0.0666262像素
第2幅图像的平均误差：0.0512943像素
第3幅图像的平均误差：0.0512684像素
第4幅图像的平均误差：0.0535463像素
第5幅图像的平均误差：0.0634288像素
第6幅图像的平均误差：0.0468488像素
第7幅图像的平均误差：0.0709879像素
第8幅图像的平均误差：0.084794像素
第9幅图像的平均误差：0.0605705像素
第10幅图像的平均误差：0.0609475像素
总体平均误差：0.0610313像素

相机内参数矩阵：
[2017.264850117921, 0, 949.7212439695493;
  0, 2013.429790938668, 495.1882865869139;
  0, 0, 1]

畸变系数：
[-0.5246912449631273, 0.4702377633168928, -0.001532683595990671, 0.005065865942225817, -0.03471872911431959]


第1幅图像的旋转向量：
[1.763496663012387;
  2.34317132892011;
  0.3715541263046961]
第1幅图像的旋转矩阵：
[-0.2771680034972066, 0.9144512886843055, 0.2948842797793497;
  0.9608182821688893, 0.2630001022676299, 0.08751671187402546;
  0.002475174215530285, 0.3075870394389688, -0.9515167295858612]
第1幅图像的平移向量：
[-45.3689173007475;
  -29.28429080434906;
  172.6422751340529]

第2幅图像的旋转向量：
[1.93112982093454;
  2.294760259832291;
  0.2873410293166338]
第2幅图像的旋转矩阵：
[-0.1735032048934977, 0.9600670987734824, 0.2194716467891776;
  0.9845402263629289, 0.1636533113106454, 0.0624350572218364;
  0.02402458251287555, 0.2269113473357592, -0.9736190527538748]
第2幅图像的平移向量：
[-28.07105060271931;
  -30.35910173323255;
  173.0926621957405]

第3幅图像的旋转向量：
[2.20868796353842;
  1.989017326936093;
  0.181045592805293]
第3幅图像的旋转矩阵：
[0.1063152636038794, 0.9743162992911474, 0.1985064574779393;
  0.9941445265162028, -0.1002740264110328, -0.04027133006487793;
  -0.01933197151644076, 0.201625565251341, -0.9792718755863281]
第3幅图像的平移向量：
[-27.86467336294972;
  -13.58705928900029;
  173.8418356138305]

第4幅图像的旋转向量：
[2.39443848100356;
  1.753559716639007;
  0.1439527698285408]
第4幅图像的旋转矩阵：
[0.3038141633761651, 0.9360525352120396, 0.1774897333795808;
  0.9524665854294462, -0.2940211813012176, -0.07974301591116445;
  -0.02245791113199697, 0.1932800979649748, -0.9808865612078886]
第4幅图像的平移向量：
[-26.32948888682328;
  -10.96259422000275;
  172.0782673525777]

第5幅图像的旋转向量：
[2.440157809186314;
  1.749947356014745;
  0.1662480038954168]
第5幅图像的旋转矩阵：
[0.3197811770828389, 0.9326281060211521, 0.1671670261831345;
  0.9474223463748215, -0.3168722279619236, -0.04452963884958443;
  0.01144099528632524, 0.1726175165093203, -0.9849224825441914]
第5幅图像的平移向量：
[-28.07430288843145;
  -17.54374297084526;
  172.1781273448104]

第6幅图像的旋转向量：
[2.332136892557562;
  1.899487655184985;
  0.1770447708508342]
第6幅图像的旋转矩阵：
[0.2015260934797588, 0.964365779051407, 0.1714230959974772;
  0.9794345990645393, -0.2001483700679854, -0.02546558686568537;
  0.009751912739174903, 0.1730296915379022, -0.9848683292929192]
第6幅图像的平移向量：
[-27.34452791942357;
  -19.40709229099064;
  172.4559692029045]

第7幅图像的旋转向量：
[1.992931706557981;
  2.237105966485366;
  0.2730691581020863]
第7幅图像的旋转矩阵：
[-0.1173909781123756, 0.9687710025426985, 0.2184081108618321;
  0.9928629548631163, 0.1098324552744645, 0.04647563478710295;
  0.0210359482386976, 0.2223051425424013, -0.9747501795234005]
第7幅图像的平移向量：
[-29.6857943088716;
  -31.99412283231917;
  170.2981923104264]

第8幅图像的旋转向量：
[1.837734413384824;
  2.369584830707278;
  0.2725806333719489]
第8幅图像的旋转矩阵：
[-0.2496626977754868, 0.9447373230504569, 0.2124615912933967;
  0.968303029624548, 0.2418492705729828, 0.06243535171068802;
  0.007601326159785926, 0.2213149808729002, -0.9751727534554276]
第8幅图像的平移向量：
[-24.28290754636236;
  -30.83648768399504;
  172.4379121105638]

第9幅图像的旋转向量：
[1.72966529579905;
  2.386047808452918;
  0.3350257633808191]
第9幅图像的旋转矩阵：
[-0.3096963932782104, 0.9113223628807775, 0.2712557739548863;
  0.9507850280049791, 0.2997501398099743, 0.07847091311735577;
  -0.009796658207719106, 0.2822080874059018, -0.9593031954969524]
第9幅图像的平移向量：
[-36.51330437252081;
  -32.75242619974264;
  170.9355812921677]

第10幅图像的旋转向量：
[2.147642592478149;
  2.057062037483518;
  0.1711580200470737]
第10幅图像的旋转矩阵：
[0.04597151220905926, 0.9798764642747959, 0.1942388602353742;
  0.9985032924476684, -0.03930722022200051, -0.03802785044654961;
  -0.02962760598459349, 0.1956963392573914, -0.9802168881247035]
第10幅图像的平移向量：
[-25.45538475661657;
  -17.6999848554671;
  171.9907219964639]


